2937
2939
2940
2962
2963
2966
2994
2996
3027
3029
3094
3097
3129
3130
3237
3269
3270
3272
3273
3297
3298
3318
3319
3321
3323
3324
3326
3351
3353
3354
3383
3386
3414
3417
3448
3450
3452
3471
3473
3474
3475
3497
3498
3502
3524
3525
3527
3528
3614
3615
3616
3618
3637
3639
3665
3666
3667
3668
3670
3693
3694
3695
3698
3699
3701
3724
3725
3728
3729
3751
3752
3755
3781
3782
3783
3784
3785
8192
8193
8217
8377
9660
9662
9664
9666
9700
9701
9730
9734
9736
9737
9766
10483
10484
10487
10490
10491
10528
10529
10530
10533
10694
10695
10697
10735
10749
10751
10752
10769
10770
10857
10879
10880
10883
10922
10924
10925
10973
10976
10992
10993
10994
11027
11046
11047
11050
11066
11067
11068
11086
11091
11103
11106
11121
11122
11124
11149
11152
11847
11849
11851
11852
11862
11863
11864
11874
11875
11877
11890
11892
11895
11923
11924
11925
11927
11935
11936
11939
11940
11941
11952
12006
12009
12050
12051
12110
12112
12113
12130
13340
13342
13373
13374
13375
13379
13414
13415
13417
13418
13419
13420
13421
13459
13461
13462
13487
13489
13515
13537
13562
13586
13587
13588
14392
14394
14395
14396
14413
14414
14417
14433
14434
14545
14585
14586
14587
14602
14603
14668
14669
14671
14673
15012
15015
15017
15018
15112
15114
15116
15219
15220
15221
15238
15242
15243
15249
15250
15298
15316
15318
15334
15335
15336
15347
15349
15350
15351
15352
15377
15380
15381
15401
15403
15433
15434
15435
15465
15467
15500
15502
17017
17060
17081
17107
17109
17130
17131
17132
17160
17163
17207
17222
17223
23764
23765
24047
24048
24051
24052
24053
24545
24546
24547
24798
24800
24801
25082
25084
25354
25357
25359
25645
25646
25649
26009
26012
26014
26015
26019
26021
26023
26044
26046
26047
26064
26065
26066
26086
27187
27188
27194
27195
27707
27708
27710
27711
27742
27743
27746
27747
27748
27752
27753
27754
28226
28227
28477
28479
28480
28722
28724
28728
28729
28968
28969
28971
28972
28975
29211
29213
29214
29216
29749
29751
29752
30016
30017
30302
30303
30813
31554
31556
31784
31785
31786
32959
32962
33178
33179
33180
33387
33389
33391
33625
33626
33627
33859
33861
33862
33864
34124
34126
34129
34387
34627
34628
34868
34870
34871
35161
35164
35165
35450
35717
35719
35721
102837
102839
102841
103309
103310
103312
103313
103315
103318
104769
104770
104773
104775
104776
104778
105029
105030
105035
105036
106202
106203
107247
107248
107250
108180
108533
108891
108892
108893
108895
109307
109309
109759
110553
111914
111915
111918
112311
112314
112315
113082
113085
113086
113087
115073
115074
115075
158778
160689
160690
160693
160719
160720
160721
160780
160781
160798
160820
160822
160976
160977
160978
160980
160981
160982
160993
160994
160995
160996
161009
161059
161063
161064
161065
161103
161115
161118
161170
161172
161228
161229
161230
161260
161262
161263
161264
161383
161472
161525
161782
161784
161863
161866
161871
162144
162146
162148
162153
162155
162279
162280
165095
165096
165097
169370
169762
169763
173463
175124
175552
175553
177239
177241
177805
177806
177807
177808
178357
184781
207230
207232
222677
222679
231609
240781
240782
240784
240894
240896
240898
240987
240989
241031
241066
241087
241090
241092
241093
241094
241095
241108
241109
241110
241111
241112
241122
241124
241125
241127
241128
241141
241142
241145
241147
241148
241190
241191
241192
241193
297437
297440
297441
297442
348823
349279
350062
350064
350065
432952
432953
432956
473811
473812
473813
525349
525350
574065
574069
631677
631678
631679
631680
681989
681990
701022
701023
701024
701025
701026
701554
701562
701563
701564
701565
702075
702076
702077
702079
702080
702561
702563
703043
703509
703513
704000
704002
704003
704005
704006
704558
705222
705728
705729
705730
705731
705733
706200
706201
706202
706658
707182
707186
707746
707752
707753
707754
707755
708268
708271
708697
708698
708701
937488
941300
941301
941302
942022
942023
942026
942637
942638
942639
944203
944204
944205
945006
945009
945573
945574
946074
946075
946076
946569
946570
947611
947612
947614
948044
948045
948770
948771
949282
949971
950497
950498
950499
950500
951046
951048
968042
968043
968044
968045
1121972
1121973
1129246
1129247
1129248
1135956
1135957
1135958
1173773
1173777
1335419
1335909
1335910
1335913
1336394
1336395
1336396
1336877
1336878
1336879
1336881
1337820
1337823
1337824
1337825
1338273
1338820
1338821
1339160
1339161
1348221
1348630
1349103
1349104
1351053
1351474
1351475
1351476
1351862
1352372
1352373
1352375
1354820
1354821
1355759
1355761
1357958
1357960
1358429
1432763
1436731
1437183
1438727
1440821
1440823
1440824
